3,2
3,1
3,3
10,293
10,281
10,5
10,265
10,313
10,297
10,217
10,1
10,209
10,2
10,3
11,23
11,29
11,17
11,11
11,13
11,1
11,27
11,2
11,3
9,7
9,1
9,5
9,2
9,3
8,14
8,12
8,13
8,17
8,7
8,1
8,8
8,2
8,3
12,2
12,1
12,3
20,2
20,1
20,3
19,2
19,1
19,3
18,1
18,3
14,1
14,3
13,1
13,3
2,2
2,1
2,3
84,6
84,5
84,4
84,3
84,2
84,1
84,0
79,6
79,5
79,4
79,3
79,2
79,1
79,0
75,5
75,4
75,3
75,2
75,1
75,0
0,0
85,34
85,33
85,32
85,31
85,30
85,29
85,28
85,27
85,26
85,25
85,24
85,23
85,22
85,21
85,20
85,19
85,18
85,17
85,16
85,15
85,14
85,13
85,12
85,11
85,10
85,9
